GCC - RNG
# (https://omlc.ogi.edu)
# 1 W Point Source Heating in Infinite Isotropic Scattering Medium
# CPU version, adapted for PEAGPGPU by Gustavo Castellano and Nicolas Wolovick
# Scattering =   20.000/cm
# Absorption =    2.000/cm
# Photons    =   100000
#
# 0.461085 seconds
# 216.879977 K photons per second
# Radius	Heat
# [microns]	[W/cm^3]	Error
     0	 20352.93311	   175.23871
    50	  3281.27595	    25.91990
   100	  1312.54842	     9.70546
   150	   733.95339	     5.06529
   200	   477.96718	     3.10598
   250	   340.96395	     2.09790
   300	   260.68327	     1.50937
   350	   199.50075	     1.11939
   400	   160.14332	     0.86858
   450	   132.83058	     0.69209
   500	   112.04572	     0.56099
   550	    94.57873	     0.46326
   600	    80.31510	     0.38600
   650	    69.28636	     0.32527
   700	    60.52792	     0.27791
   750	    52.77876	     0.23902
   800	    46.44747	     0.20812
   850	    41.07116	     0.18141
   900	    36.70496	     0.15977
   950	    32.67354	     0.14124
  1000	    29.42058	     0.12567
  1050	    26.54709	     0.11212
  1100	    23.91129	     0.10056
  1150	    21.54182	     0.09028
  1200	    19.44911	     0.08145
  1250	    17.69061	     0.07384
  1300	    16.09503	     0.06690
  1350	    14.68024	     0.06119
  1400	    13.35316	     0.05569
  1450	    12.08314	     0.05080
  1500	    11.03834	     0.04652
  1550	    10.20846	     0.04290
  1600	     9.26507	     0.03935
  1650	     8.44353	     0.03616
  1700	     7.81186	     0.03357
  1750	     7.20642	     0.03119
  1800	     6.57835	     0.02867
  1850	     6.01649	     0.02657
  1900	     5.57190	     0.02470
  1950	     5.11350	     0.02288
  2000	     4.72320	     0.02134
  2050	     4.40702	     0.01998
  2100	     3.99476	     0.01849
  2150	     3.74914	     0.01737
  2200	     3.43020	     0.01619
  2250	     3.17992	     0.01511
  2300	     2.96332	     0.01422
  2350	     2.73121	     0.01323
  2400	     2.51897	     0.01246
  2450	     2.34292	     0.01168
  2500	     2.16273	     0.01086
  2550	     2.02480	     0.01026
  2600	     1.86268	     0.00961
  2650	     1.75374	     0.00913
  2700	     1.62073	     0.00849
  2750	     1.50045	     0.00802
  2800	     1.39697	     0.00763
  2850	     1.30413	     0.00710
  2900	     1.20155	     0.00668
  2950	     1.12092	     0.00633
  3000	     1.03987	     0.00594
  3050	     0.96767	     0.00560
  3100	     0.90590	     0.00531
  3150	     0.84407	     0.00502
  3200	     0.78071	     0.00471
  3250	     0.72916	     0.00446
  3300	     0.68737	     0.00426
  3350	     0.63057	     0.00397
  3400	     0.59314	     0.00378
  3450	     0.53949	     0.00350
  3500	     0.51769	     0.00336
  3550	     0.47807	     0.00317
  3600	     0.44465	     0.00302
  3650	     0.42214	     0.00288
  3700	     0.39464	     0.00272
  3750	     0.36753	     0.00256
  3800	     0.34504	     0.00244
  3850	     0.32650	     0.00234
  3900	     0.29451	     0.00218
  3950	     0.28004	     0.00205
  4000	     0.25979	     0.00196
  4050	     0.24267	     0.00185
  4100	     0.22761	     0.00178
  4150	     0.21310	     0.00168
  4200	     0.19983	     0.00160
  4250	     0.18716	     0.00152
  4300	     0.17135	     0.00143
  4350	     0.16100	     0.00136
  4400	     0.15056	     0.00128
  4450	     0.14247	     0.00123
  4500	     0.13333	     0.00116
  4550	     0.12352	     0.00110
  4600	     0.11514	     0.00105
  4650	     0.10791	     0.00099
  4700	     0.10302	     0.00095
  4750	     0.09396	     0.00088
  4800	     0.08760	     0.00084
  4850	     0.08265	     0.00082
  4900	     0.07773	     0.00077
  4950	     0.07238	     0.00072
# extra	     0.02363
==========================
# (https://omlc.ogi.edu)
# 1 W Point Source Heating in Infinite Isotropic Scattering Medium
# CPU version, adapted for PEAGPGPU by Gustavo Castellano and Nicolas Wolovick
# Scattering =   20.000/cm
# Absorption =    2.000/cm
# Photons    =  1000000
#
# 4.565295 seconds
# 219.043911 K photons per second
# Radius	Heat
# [microns]	[W/cm^3]	Error
     0	 20321.95459	    55.38031
    50	  3279.78097	     8.19700
   100	  1334.68637	     3.09197
   150	   741.70455	     1.60874
   200	   484.26289	     0.98659
   250	   342.44277	     0.66291
   300	   257.82281	     0.47524
   350	   201.81095	     0.35606
   400	   162.36841	     0.27560
   450	   132.91809	     0.21857
   500	   111.02068	     0.17699
   550	    93.92034	     0.14576
   600	    80.62483	     0.12193
   650	    69.45886	     0.10288
   700	    60.38399	     0.08777
   750	    53.06384	     0.07568
   800	    46.87141	     0.06574
   850	    41.39966	     0.05738
   900	    36.81786	     0.05041
   950	    32.95051	     0.04462
  1000	    29.54477	     0.03963
  1050	    26.39825	     0.03531
  1100	    23.90900	     0.03169
  1150	    21.57649	     0.02847
  1200	    19.46902	     0.02568
  1250	    17.63186	     0.02323
  1300	    16.03701	     0.02110
  1350	    14.53173	     0.01919
  1400	    13.27690	     0.01752
  1450	    12.12010	     0.01603
  1500	    11.09125	     0.01470
  1550	    10.16047	     0.01351
  1600	     9.29084	     0.01243
  1650	     8.50481	     0.01145
  1700	     7.80518	     0.01057
  1750	     7.17932	     0.00979
  1800	     6.59746	     0.00907
  1850	     6.06497	     0.00841
  1900	     5.57489	     0.00780
  1950	     5.12742	     0.00724
  2000	     4.75459	     0.00676
  2050	     4.39379	     0.00629
  2100	     4.04370	     0.00587
  2150	     3.74129	     0.00547
  2200	     3.45998	     0.00513
  2250	     3.18875	     0.00478
  2300	     2.95911	     0.00448
  2350	     2.73661	     0.00419
  2400	     2.53548	     0.00393
  2450	     2.34489	     0.00368
  2500	     2.16505	     0.00344
  2550	     2.01272	     0.00324
  2600	     1.87414	     0.00304
  2650	     1.73658	     0.00286
  2700	     1.61173	     0.00269
  2750	     1.49430	     0.00253
  2800	     1.39286	     0.00238
  2850	     1.29740	     0.00224
  2900	     1.20234	     0.00211
  2950	     1.11571	     0.00199
  3000	     1.03656	     0.00187
  3050	     0.97511	     0.00178
  3100	     0.89791	     0.00167
  3150	     0.84065	     0.00158
  3200	     0.77945	     0.00148
  3250	     0.72547	     0.00140
  3300	     0.67949	     0.00133
  3350	     0.62992	     0.00125
  3400	     0.58736	     0.00118
  3450	     0.54651	     0.00112
  3500	     0.51109	     0.00106
  3550	     0.47483	     0.00100
  3600	     0.44321	     0.00095
  3650	     0.41668	     0.00090
  3700	     0.38554	     0.00085
  3750	     0.36109	     0.00080
  3800	     0.33696	     0.00076
  3850	     0.31494	     0.00072
  3900	     0.29480	     0.00069
  3950	     0.27500	     0.00065
  4000	     0.25655	     0.00061
  4050	     0.24109	     0.00058
  4100	     0.22563	     0.00055
  4150	     0.21055	     0.00052
  4200	     0.19620	     0.00050
  4250	     0.18372	     0.00047
  4300	     0.17104	     0.00045
  4350	     0.15913	     0.00042
  4400	     0.14975	     0.00040
  4450	     0.14024	     0.00038
  4500	     0.13089	     0.00036
  4550	     0.12348	     0.00035
  4600	     0.11491	     0.00033
  4650	     0.10685	     0.00031
  4700	     0.10038	     0.00029
  4750	     0.09362	     0.00028
  4800	     0.08758	     0.00026
  4850	     0.08175	     0.00025
  4900	     0.07715	     0.00024
  4950	     0.07260	     0.00023
# extra	     0.02213
==========================
# (https://omlc.ogi.edu)
# 1 W Point Source Heating in Infinite Isotropic Scattering Medium
# CPU version, adapted for PEAGPGPU by Gustavo Castellano and Nicolas Wolovick
# Scattering =   20.000/cm
# Absorption =    2.000/cm
# Photons    = 10000000
#
# 45.072840 seconds
# 221.863099 K photons per second
# Radius	Heat
# [microns]	[W/cm^3]	Error
     0	 20592.39404	    17.47837
    50	  3316.53097	     2.57847
   100	  1350.07494	     0.97223
   150	   750.95920	     0.50711
   200	   485.55608	     0.31028
   250	   343.97908	     0.20902
   300	   258.20847	     0.14995
   350	   201.73849	     0.11245
   400	   161.91428	     0.08711
   450	   132.96030	     0.06921
   500	   110.99698	     0.05612
   550	    94.06530	     0.04629
   600	    80.41033	     0.03868
   650	    69.46026	     0.03271
   700	    60.46685	     0.02794
   750	    52.94351	     0.02407
   800	    46.64141	     0.02090
   850	    41.28788	     0.01826
   900	    36.72629	     0.01606
   950	    32.75027	     0.01420
  1000	    29.32369	     0.01261
  1050	    26.34145	     0.01126
  1100	    23.70497	     0.01008
  1150	    21.38697	     0.00906
  1200	    19.36122	     0.00818
  1250	    17.56678	     0.00741
  1300	    15.93460	     0.00672
  1350	    14.49356	     0.00612
  1400	    13.19638	     0.00558
  1450	    12.04239	     0.00510
  1500	    11.00158	     0.00467
  1550	    10.05017	     0.00429
  1600	     9.20274	     0.00394
  1650	     8.43947	     0.00363
  1700	     7.74338	     0.00335
  1750	     7.11169	     0.00310
  1800	     6.54550	     0.00287
  1850	     6.01553	     0.00265
  1900	     5.54168	     0.00246
  1950	     5.10002	     0.00229
  2000	     4.69945	     0.00213
  2050	     4.33279	     0.00198
  2100	     3.99954	     0.00185
  2150	     3.69420	     0.00172
  2200	     3.41557	     0.00161
  2250	     3.15507	     0.00151
  2300	     2.91826	     0.00141
  2350	     2.70200	     0.00132
  2400	     2.49888	     0.00124
  2450	     2.31606	     0.00116
  2500	     2.14703	     0.00109
  2550	     1.99196	     0.00102
  2600	     1.84775	     0.00096
  2650	     1.71408	     0.00090
  2700	     1.59036	     0.00085
  2750	     1.47635	     0.00080
  2800	     1.37131	     0.00075
  2850	     1.27530	     0.00071
  2900	     1.18436	     0.00067
  2950	     1.10124	     0.00063
  3000	     1.02585	     0.00059
  3050	     0.95223	     0.00056
  3100	     0.88636	     0.00053
  3150	     0.82538	     0.00050
  3200	     0.76846	     0.00047
  3250	     0.71444	     0.00044
  3300	     0.66586	     0.00042
  3350	     0.62105	     0.00040
  3400	     0.57883	     0.00037
  3450	     0.53960	     0.00035
  3500	     0.50319	     0.00033
  3550	     0.46952	     0.00032
  3600	     0.43699	     0.00030
  3650	     0.40889	     0.00028
  3700	     0.38202	     0.00027
  3750	     0.35637	     0.00025
  3800	     0.33278	     0.00024
  3850	     0.31075	     0.00023
  3900	     0.29014	     0.00022
  3950	     0.27064	     0.00020
  4000	     0.25315	     0.00019
  4050	     0.23664	     0.00018
  4100	     0.22152	     0.00018
  4150	     0.20740	     0.00017
  4200	     0.19337	     0.00016
  4250	     0.18100	     0.00015
  4300	     0.16904	     0.00014
  4350	     0.15844	     0.00013
  4400	     0.14797	     0.00013
  4450	     0.13863	     0.00012
  4500	     0.12964	     0.00011
  4550	     0.12146	     0.00011
  4600	     0.11368	     0.00010
  4650	     0.10631	     0.00010
  4700	     0.09970	     0.00009
  4750	     0.09327	     0.00009
  4800	     0.08743	     0.00008
  4850	     0.08187	     0.00008
  4900	     0.07675	     0.00008
  4950	     0.07186	     0.00007
# extra	     0.01597
==========================
GCC - MT
# (https://omlc.ogi.edu)
# 1 W Point Source Heating in Infinite Isotropic Scattering Medium
# CPU version, adapted for PEAGPGPU by Gustavo Castellano and Nicolas Wolovick
# Scattering =   20.000/cm
# Absorption =    2.000/cm
# Photons    =   100000
#
# 0.352101 seconds
# 284.009256 K photons per second
# Radius	Heat
# [microns]	[W/cm^3]	Error
     0	 20521.31250	   175.91696
    50	  3264.66378	    25.89639
   100	  1317.58409	     9.72868
   150	   736.24916	     5.08169
   200	   487.81362	     3.13481
   250	   344.89366	     2.10343
   300	   258.45182	     1.50662
   350	   199.51806	     1.12264
   400	   161.15575	     0.87156
   450	   133.00908	     0.69265
   500	   110.31097	     0.55961
   550	    93.88266	     0.46172
   600	    80.50725	     0.38589
   650	    69.60946	     0.32609
   700	    60.59648	     0.27856
   750	    52.97049	     0.23949
   800	    46.42413	     0.20782
   850	    41.03496	     0.18142
   900	    36.57198	     0.15991
   950	    32.72446	     0.14128
  1000	    29.30450	     0.12560
  1050	    26.25671	     0.11209
  1100	    23.71466	     0.10067
  1150	    21.45509	     0.09016
  1200	    19.34953	     0.08131
  1250	    17.82697	     0.07391
  1300	    15.92818	     0.06677
  1350	    14.59351	     0.06087
  1400	    13.36377	     0.05583
  1450	    11.99082	     0.05079
  1500	    10.93182	     0.04628
  1550	    10.15954	     0.04289
  1600	     9.19602	     0.03937
  1650	     8.41066	     0.03619
  1700	     7.81005	     0.03359
  1750	     7.16879	     0.03105
  1800	     6.53685	     0.02853
  1850	     6.01292	     0.02653
  1900	     5.61382	     0.02483
  1950	     5.12868	     0.02295
  2000	     4.76947	     0.02142
  2050	     4.41230	     0.02006
  2100	     4.04216	     0.01862
  2150	     3.75662	     0.01742
  2200	     3.44481	     0.01619
  2250	     3.21577	     0.01520
  2300	     2.94304	     0.01405
  2350	     2.73174	     0.01317
  2400	     2.55351	     0.01244
  2450	     2.36528	     0.01172
  2500	     2.18655	     0.01096
  2550	     2.04205	     0.01033
  2600	     1.88468	     0.00968
  2650	     1.73302	     0.00901
  2700	     1.63640	     0.00858
  2750	     1.48803	     0.00800
  2800	     1.38643	     0.00751
  2850	     1.30156	     0.00709
  2900	     1.20296	     0.00663
  2950	     1.13625	     0.00634
  3000	     1.04382	     0.00592
  3050	     0.98015	     0.00561
  3100	     0.91076	     0.00526
  3150	     0.84468	     0.00500
  3200	     0.77038	     0.00465
  3250	     0.73181	     0.00445
  3300	     0.68135	     0.00421
  3350	     0.63639	     0.00397
  3400	     0.59847	     0.00378
  3450	     0.55166	     0.00353
  3500	     0.51194	     0.00335
  3550	     0.48579	     0.00319
  3600	     0.44642	     0.00301
  3650	     0.41445	     0.00283
  3700	     0.38742	     0.00270
  3750	     0.36616	     0.00255
  3800	     0.34349	     0.00243
  3850	     0.31622	     0.00228
  3900	     0.29506	     0.00216
  3950	     0.27687	     0.00206
  4000	     0.25749	     0.00194
  4050	     0.24485	     0.00185
  4100	     0.22935	     0.00177
  4150	     0.20779	     0.00161
  4200	     0.19989	     0.00157
  4250	     0.18519	     0.00151
  4300	     0.17468	     0.00142
  4350	     0.16073	     0.00133
  4400	     0.15196	     0.00128
  4450	     0.14187	     0.00121
  4500	     0.13405	     0.00115
  4550	     0.12522	     0.00110
  4600	     0.11711	     0.00105
  4650	     0.10883	     0.00098
  4700	     0.10058	     0.00092
  4750	     0.09547	     0.00089
  4800	     0.09144	     0.00086
  4850	     0.08393	     0.00080
  4900	     0.07825	     0.00076
  4950	     0.07228	     0.00071
# extra	     0.02371
==========================
# (https://omlc.ogi.edu)
# 1 W Point Source Heating in Infinite Isotropic Scattering Medium
# CPU version, adapted for PEAGPGPU by Gustavo Castellano and Nicolas Wolovick
# Scattering =   20.000/cm
# Absorption =    2.000/cm
# Photons    =  1000000
#
# 3.531900 seconds
# 283.133735 K photons per second
# Radius	Heat
# [microns]	[W/cm^3]	Error
     0	 20413.92188	    55.48636
    50	  3281.03488	     8.19976
   100	  1333.32792	     3.09090
   150	   743.55770	     1.61142
   200	   481.50759	     0.98513
   250	   340.37679	     0.66177
   300	   256.12043	     0.47428
   350	   200.11218	     0.35532
   400	   161.32797	     0.27531
   450	   132.37198	     0.21842
   500	   110.66217	     0.17713
   550	    93.66598	     0.14585
   600	    80.26707	     0.12178
   650	    69.33951	     0.10299
   700	    60.40539	     0.08792
   750	    52.90690	     0.07571
   800	    46.63443	     0.06577
   850	    41.23609	     0.05739
   900	    36.67804	     0.05051
   950	    32.69755	     0.04461
  1000	    29.24710	     0.03961
  1050	    26.30989	     0.03536
  1100	    23.71197	     0.03169
  1150	    21.47259	     0.02853
  1200	    19.35691	     0.02570
  1250	    17.66844	     0.02332
  1300	    15.96027	     0.02111
  1350	    14.62750	     0.01928
  1400	    13.28963	     0.01757
  1450	    12.06861	     0.01606
  1500	    11.06156	     0.01472
  1550	    10.12828	     0.01354
  1600	     9.27595	     0.01244
  1650	     8.49576	     0.01147
  1700	     7.82066	     0.01060
  1750	     7.17282	     0.00980
  1800	     6.59931	     0.00907
  1850	     6.06546	     0.00842
  1900	     5.58783	     0.00782
  1950	     5.14377	     0.00727
  2000	     4.74788	     0.00677
  2050	     4.37557	     0.00630
  2100	     4.04508	     0.00587
  2150	     3.73872	     0.00548
  2200	     3.45480	     0.00513
  2250	     3.20336	     0.00479
  2300	     2.95713	     0.00447
  2350	     2.73947	     0.00419
  2400	     2.54164	     0.00394
  2450	     2.36531	     0.00370
  2500	     2.17915	     0.00346
  2550	     2.03282	     0.00326
  2600	     1.88229	     0.00305
  2650	     1.74068	     0.00286
  2700	     1.62045	     0.00269
  2750	     1.50187	     0.00253
  2800	     1.40002	     0.00239
  2850	     1.30070	     0.00225
  2900	     1.20661	     0.00211
  2950	     1.12310	     0.00199
  3000	     1.04423	     0.00188
  3050	     0.97059	     0.00177
  3100	     0.90455	     0.00167
  3150	     0.84198	     0.00158
  3200	     0.78290	     0.00148
  3250	     0.72990	     0.00140
  3300	     0.68073	     0.00133
  3350	     0.63525	     0.00126
  3400	     0.59287	     0.00119
  3450	     0.55231	     0.00112
  3500	     0.51278	     0.00106
  3550	     0.48031	     0.00100
  3600	     0.44765	     0.00095
  3650	     0.41956	     0.00090
  3700	     0.39292	     0.00085
  3750	     0.36658	     0.00081
  3800	     0.34170	     0.00077
  3850	     0.31894	     0.00073
  3900	     0.29661	     0.00068
  3950	     0.27899	     0.00065
  4000	     0.25955	     0.00062
  4050	     0.24310	     0.00058
  4100	     0.22719	     0.00055
  4150	     0.21213	     0.00053
  4200	     0.19921	     0.00050
  4250	     0.18634	     0.00048
  4300	     0.17375	     0.00045
  4350	     0.16138	     0.00042
  4400	     0.15239	     0.00041
  4450	     0.14155	     0.00038
  4500	     0.13326	     0.00037
  4550	     0.12451	     0.00035
  4600	     0.11652	     0.00033
  4650	     0.10894	     0.00031
  4700	     0.10218	     0.00030
  4750	     0.09584	     0.00028
  4800	     0.08986	     0.00027
  4850	     0.08398	     0.00025
  4900	     0.07850	     0.00024
  4950	     0.07347	     0.00023
# extra	     0.02242
==========================
# (https://omlc.ogi.edu)
# 1 W Point Source Heating in Infinite Isotropic Scattering Medium
# CPU version, adapted for PEAGPGPU by Gustavo Castellano and Nicolas Wolovick
# Scattering =   20.000/cm
# Absorption =    2.000/cm
# Photons    = 10000000
#
# 35.727363 seconds
# 279.897515 K photons per second
# Radius	Heat
# [microns]	[W/cm^3]	Error
     0	 20583.24902	    17.47646
    50	  3317.10498	     2.57886
   100	  1350.38348	     0.97241
   150	   750.82166	     0.50709
   200	   485.68748	     0.31039
   250	   344.51335	     0.20922
   300	   258.34102	     0.15003
   350	   201.06402	     0.11238
   400	   161.50234	     0.08706
   450	   132.61360	     0.06921
   500	   110.61989	     0.05610
   550	    93.68738	     0.04627
   600	    80.20778	     0.03869
   650	    69.18614	     0.03271
   700	    60.21551	     0.02794
   750	    52.73961	     0.02408
   800	    46.49047	     0.02091
   850	    41.15857	     0.01828
   900	    36.58983	     0.01607
   950	    32.64608	     0.01421
  1000	    29.23420	     0.01262
  1050	    26.23183	     0.01126
  1100	    23.63056	     0.01009
  1150	    21.32307	     0.00907
  1200	    19.29166	     0.00819
  1250	    17.49595	     0.00741
  1300	    15.88037	     0.00673
  1350	    14.43910	     0.00612
  1400	    13.14824	     0.00558
  1450	    12.00174	     0.00511
  1500	    10.96314	     0.00468
  1550	    10.03684	     0.00429
  1600	     9.18899	     0.00395
  1650	     8.42329	     0.00363
  1700	     7.72685	     0.00335
  1750	     7.10200	     0.00310
  1800	     6.53400	     0.00287
  1850	     6.01816	     0.00266
  1900	     5.53568	     0.00246
  1950	     5.10778	     0.00229
  2000	     4.69963	     0.00213
  2050	     4.33397	     0.00198
  2100	     4.00278	     0.00185
  2150	     3.69860	     0.00173
  2200	     3.41966	     0.00161
  2250	     3.16058	     0.00151
  2300	     2.92469	     0.00141
  2350	     2.70773	     0.00132
  2400	     2.50588	     0.00124
  2450	     2.32208	     0.00116
  2500	     2.15330	     0.00109
  2550	     1.99662	     0.00102
  2600	     1.85200	     0.00096
  2650	     1.71992	     0.00090
  2700	     1.59462	     0.00085
  2750	     1.48330	     0.00080
  2800	     1.37820	     0.00075
  2850	     1.28155	     0.00071
  2900	     1.19099	     0.00067
  2950	     1.10754	     0.00063
  3000	     1.03014	     0.00059
  3050	     0.95841	     0.00056
  3100	     0.89278	     0.00053
  3150	     0.83100	     0.00050
  3200	     0.77464	     0.00047
  3250	     0.72127	     0.00044
  3300	     0.67022	     0.00042
  3350	     0.62631	     0.00040
  3400	     0.58409	     0.00037
  3450	     0.54468	     0.00035
  3500	     0.50755	     0.00034
  3550	     0.47377	     0.00032
  3600	     0.44272	     0.00030
  3650	     0.41316	     0.00028
  3700	     0.38592	     0.00027
  3750	     0.35991	     0.00025
  3800	     0.33594	     0.00024
  3850	     0.31384	     0.00023
  3900	     0.29313	     0.00022
  3950	     0.27400	     0.00021
  4000	     0.25529	     0.00020
  4050	     0.23850	     0.00018
  4100	     0.22321	     0.00018
  4150	     0.20880	     0.00017
  4200	     0.19505	     0.00016
  4250	     0.18262	     0.00015
  4300	     0.17074	     0.00014
  4350	     0.16019	     0.00014
  4400	     0.14946	     0.00013
  4450	     0.14008	     0.00012
  4500	     0.13122	     0.00012
  4550	     0.12287	     0.00011
  4600	     0.11503	     0.00010
  4650	     0.10757	     0.00010
  4700	     0.10067	     0.00009
  4750	     0.09441	     0.00009
  4800	     0.08834	     0.00008
  4850	     0.08271	     0.00008
  4900	     0.07743	     0.00008
  4950	     0.07267	     0.00007
# extra	     0.01606
==========================
